data_file: 'data/data30.csv'
start_lon: 19.9908
start_lat: 49.2379666667
end_lon: 20.0270666667
end_lat: 49.1621333333
